47,57
47,56
47,55
47,54
47,53
47,52
47,51
47,50
47,49
47,48
47,47
47,46
47,45
47,44
47,43
47,42
47,41
47,40
47,39
47,38
47,37
47,36
47,35
8,6
8,1
8,13
8,2
8,3
0,455
12,2
12,1
12,3
20,2
20,1
20,3
19,2
19,1
19,3
18,1
18,3
14,1
45,3
14,3
45,2
13,1
45,1
45,0
44,3
13,3
44,2
44,1
44,0
43,8
43,7
43,6
43,5
43,4
43,3
43,2
43,1
43,0
42,4
42,3
42,2
42,1
42,0
41,5
41,4
41,3
41,2
41,1
41,0
40,4
40,3
40,2
40,1
40,0
39,4
39,3
39,2
39,1
39,0
38,3
38,2
38,1
38,0
37,3
37,2
37,1
37,0
36,3
36,2
36,1
36,0
35,3
2,2
35,2
2,1
35,1
35,0
34,3
34,2
2,3
34,1
34,0
33,4
33,3
33,2
33,1
33,0
32,3
32,2
32,1
32,0
28,33
28,32
28,1
23,17
23,16
23,15
23,14
23,13
23,12
23,11
23,10
23,9
23,8
23,7
23,6
23,5
23,4
23,3
23,2
23,1
23,0
10,191
10,190
10,189
10,188
10,187
10,186
10,185
10,184
10,183
10,182
10,181
10,180
